35 6 19538
1 822 3 5 6 12 16 18 21 24 25 31 
2 820 1 3 5 12 13 16 19 21 22 27 32 34 35 
3 861 4 8 9 12 14 18 25 32 
4 966 *
5 239 9 16 32 33 
6 730 31 
7 350 4 5 6 9 11 12 15 16 20 24 26 27 28 29 30 31 35 
8 531 6 
9 354 4 6 8 24 31 
10 971 3 4 12 19 28 31 
11 357 1 3 4 5 6 14 24 26 28 31 33 
12 790 4 6 18 32 
13 960 1 3 5 7 9 10 11 15 16 20 23 24 27 28 31 32 34 35 
14 133 4 6 9 31 
15 968 3 8 12 14 31 32 
16 192 3 4 6 8 14 15 18 25 33 
17 546 3 4 6 10 12 15 18 19 21 24 25 26 27 31 32 
18 381 4 6 
19 8 3 4 5 12 18 21 32 33 
20 298 1 3 4 9 10 14 15 18 19 21 22 27 28 30 32 35 
21 212 4 12 18 25 33 
22 620 3 5 9 10 12 14 19 25 31 32 33 
23 732 4 6 11 15 22 24 27 28 30 31 34 35 
24 513 6 18 
25 666 4 18 32 
26 526 1 3 5 6 8 10 14 15 18 24 28 29 33 
27 245 4 5 9 12 16 18 31 32 33 
28 422 4 6 8 12 14 15 19 25 31 32 33 
29 192 3 4 5 6 16 19 24 25 27 32 
30 496 5 9 10 14 16 17 21 24 26 28 31 33 
31 902 4 
32 918 *
33 907 8 12 24 25 
34 688 1 4 10 16 19 20 22 24 25 29 30 31 33 35 
35 222 3 4 8 9 10 12 15 16 18 21 25 31 33 
