35 2 32
0 -543 0 0 1875 0 -3907 0 228 -1171 -3177 -1490 1667 1348 0 4577 0 0 0 2902 -4950 1746 0 0 -2015 0 1525 -4216 0 0 -731 4697 1373 1632 -3292 
-543 0 -663 0 0 0 4021 -3548 -1602 1476 -1722 -140 0 0 -4602 0 3843 -3067 0 -976 70 -4504 -2352 -630 0 0 0 0 -278 2966 -2219 -4025 -2858 -4969 -2425 
0 -663 0 2735 2194 3966 -111 706 -2571 -3626 -456 0 3438 0 0 0 -1584 0 0 0 0 2234 -3027 4111 3948 1911 0 88 0 0 3502 550 -2521 -2365 0 
0 0 2735 0 0 1686 -4046 0 0 4775 -4122 0 -326 -2673 1572 0 646 -4278 -3438 433 -3700 0 -3600 4492 -3389 515 -1666 1120 2985 -1190 0 0 2155 3488 -1858 
1875 0 2194 0 0 -3669 0 3310 3543 4370 4050 0 0 -3207 4677 3200 0 2266 0 889 -4834 -3863 -3411 -3803 0 0 0 0 3404 0 -4424 1163 -226 4094 -3049 
0 0 3966 1686 -3669 0 3373 3758 1257 -4302 -4799 0 -4877 -3130 -3326 665 -2186 0 -1748 2542 2351 775 -3488 0 -723 -964 0 3212 -190 0 254 -1854 -1366 2481 0 
-3907 4021 -111 -4046 0 3373 0 4140 -2466 1411 -1126 -4916 3794 -40 1829 0 -4887 313 0 -4359 1480 1594 0 -2099 0 0 -1822 0 -2712 0 2114 541 0 -2816 1077 
0 -3548 706 0 3310 3758 4140 0 -3784 -2581 0 0 0 0 1109 0 -4450 168 0 -3458 3632 -819 0 -1014 -2926 -4343 1532 25 1705 -1533 -4721 -4161 0 1308 3859 
228 -1602 -2571 0 3543 1257 -2466 -3784 0 2460 2015 1778 0 3464 329 -757 -155 2571 0 0 4429 1055 -1256 -2911 0 -350 -4699 0 0 0 0 4237 0 0 2838 
-1171 1476 -3626 4775 4370 -4302 1411 -2581 2460 0 0 0 -1463 619 -2025 0 0 0 -4443 2206 -4486 0 2716 0 -1403 -2995 -2088 277 0 1270 0 0 3830 1721 0 
-3177 -1722 -456 -4122 4050 -4799 -1126 0 2015 0 0 -487 -3299 2893 0 -2135 -3938 0 0 -2405 0 -2963 -1771 0 0 -2735 877 2293 0 0 0 0 -2886 0 -3655 
-1490 -140 0 0 0 0 -4916 0 1778 0 -487 0 -1648 603 3270 -2617 2403 713 2798 0 1384 4449 0 -4322 0 2592 966 0 1007 -3162 0 0 2146 -4196 4347 
1667 0 3438 -326 0 -4877 3794 0 0 -1463 -3299 -1648 0 -1324 2074 -72 -1994 0 0 0 119 -1969 0 -426 3236 1962 3888 -2485 0 -599 -2303 3668 0 0 -505 
1348 0 0 -2673 -3207 -3130 -40 0 3464 619 2893 603 -1324 0 1181 3137 809 0 -3833 0 0 -1885 0 2695 -2279 -3239 0 -1945 0 4508 1602 -2823 -4002 -3257 3053 
0 -4602 0 1572 4677 -3326 1829 1109 329 -2025 0 3270 2074 1181 0 -2780 -1389 0 3715 4530 -4389 -2545 138 417 3778 0 -1272 0 3163 1332 0 0 -1159 0 -394 
4577 0 0 0 3200 665 0 0 -757 0 -2135 -2617 -72 3137 -2780 0 0 -2440 0 -1805 -2205 3610 -2749 -1640 -2626 -681 -4070 0 1212 -2958 4253 4288 -1102 -779 -85 
0 3843 -1584 646 0 -2186 -4887 -4450 -155 0 -3938 2403 -1994 809 -1389 0 0 0 0 0 -4826 -3109 0 934 2870 3986 0 0 0 -3991 -4680 0 2760 4479 -3569 
0 -3067 0 -4278 2266 0 313 168 2571 0 0 713 0 0 0 -2440 0 0 -1302 0 4170 3389 -895 3037 -2652 0 3651 2801 3925 1436 2313 4657 0 -4109 -4522 
0 0 0 -3438 0 -1748 0 0 0 -4443 0 2798 0 -3833 3715 0 0 -1302 0 0 0 2499 4280 -845 0 -1340 0 -1437 -2058 0 0 0 4394 470 389 
2902 -976 0 433 889 2542 -4359 -3458 0 2206 -2405 0 0 0 4530 -1805 0 0 0 0 2 -1910 3691 0 0 2090 0 4735 -2256 -4624 805 0 0 0 -646 
-4950 70 0 -3700 -4834 2351 1480 3632 4429 -4486 0 1384 119 0 -4389 -2205 -4826 4170 0 2 0 -3083 -3744 0 -3518 2423 0 3013 0 -3875 0 3064 3108 2677 -2162 
1746 -4504 2234 0 -3863 775 1594 -819 1055 0 -2963 4449 -1969 -1885 -2545 3610 -3109 3389 2499 -1910 -3083 0 0 204 -562 0 0 -3960 3289 288 3331 -4997 -1557 484 -3360 
0 -2352 -3027 -3600 -3411 -3488 0 0 -1256 2716 -1771 0 0 0 138 -2749 0 -895 4280 3691 -3744 0 0 -513 0 0 -4778 -4140 996 839 754 0 2633 1796 0 
0 -630 4111 4492 -3803 0 -2099 -1014 -2911 0 0 -4322 -426 2695 417 -1640 934 3037 -845 0 0 204 -513 0 -3765 -1697 -907 -16 0 0 4157 -2334 57 -4578 0 
-2015 0 3948 -3389 0 -723 0 -2926 0 -1403 0 0 3236 -2279 3778 -2626 2870 -2652 0 0 -3518 -562 0 -3765 0 -1062 -1017 4561 3126 -214 4629 -3509 1038 -1085 0 
0 0 1911 515 0 -964 0 -4343 -350 -2995 -2735 2592 1962 -3239 0 -681 3986 0 -1340 2090 2423 0 0 -1697 -1062 0 0 2032 0 0 -4253 2334 1931 -4565 915 
1525 0 0 -1666 0 0 -1822 1532 -4699 -2088 877 966 3888 0 -1272 -4070 0 3651 0 0 0 0 -4778 -907 -1017 0 0 -313 0 4197 4748 585 1991 -3721 -4660 
-4216 0 88 1120 0 3212 0 25 0 277 2293 0 -2485 -1945 0 0 0 2801 -1437 4735 3013 -3960 -4140 -16 4561 2032 -313 0 4025 3552 -871 4335 1957 3571 0 
0 -278 0 2985 3404 -190 -2712 1705 0 0 0 1007 0 0 3163 1212 0 3925 -2058 -2256 0 3289 996 0 3126 0 0 4025 0 0 0 2520 2937 -1222 374 
0 2966 0 -1190 0 0 0 -1533 0 1270 0 -3162 -599 4508 1332 -2958 -3991 1436 0 -4624 -3875 288 839 0 -214 0 4197 3552 0 0 0 0 -389 0 4618 
-731 -2219 3502 0 -4424 254 2114 -4721 0 0 0 0 -2303 1602 0 4253 -4680 2313 0 805 0 3331 754 4157 4629 -4253 4748 -871 0 0 0 2381 -266 -4746 1844 
4697 -4025 550 0 1163 -1854 541 -4161 4237 0 0 0 3668 -2823 0 4288 0 4657 0 0 3064 -4997 0 -2334 -3509 2334 585 4335 2520 0 2381 0 0 2622 -1519 
1373 -2858 -2521 2155 -226 -1366 0 0 0 3830 -2886 2146 0 -4002 -1159 -1102 2760 0 4394 0 3108 -1557 2633 57 1038 1931 1991 1957 2937 -389 -266 0 0 0 1221 
1632 -4969 -2365 3488 4094 2481 -2816 1308 0 1721 0 -4196 0 -3257 0 -779 4479 -4109 470 0 2677 484 1796 -4578 -1085 -4565 -3721 3571 -1222 0 -4746 2622 0 0 -926 
-3292 -2425 0 -1858 -3049 0 1077 3859 2838 0 -3655 4347 -505 3053 -394 -85 -3569 -4522 389 -646 -2162 -3360 0 0 0 915 -4660 0 374 4618 1844 -1519 1221 -926 0 
